{
    "camera_angle_x": 0.6911112070083618,
    "camera_angle_y": 0.6911112070083618,
    "fl_x": 1111.1110311937682,
    "fl_y": 1111.1110311937682,
    "w": 800,
    "h": 800,
    "cx": 400.0,
    "cy": 400.0,
    "n_frames": 1,
    "frames": [
        {
            "file_path": "./train/r_0_0.png",
            "time": 0.0,
            "transform_matrix": [
                [
                    -0.9999021887779236,
                    0.004192245192825794,
                    -0.013345719315111637,
                    -0.029589076898992064
                ],
                [
                    -0.013988681137561798,
                    -0.2996590733528137,
                    0.95394366979599,
                    2.1150087356567386
                ],
                [
                    -4.656612873077393e-10,
                    0.9540371894836426,
                    0.29968830943107605,
                    0.6644452750682831
                ],
                [
                    0.0,
                    0.0,
                    0.0,
                    1.0
                ]
            ],
            "type": "wrap"
        },
        {
            "file_path": "./train/r_1_0.png",
            "time": 0.0,
            "transform_matrix": [
                [
                    -0.9305422306060791,
                    0.11707554012537003,
                    -0.34696459770202637,
                    -0.7692625105381012
                ],
                [
                    -0.3661845624446869,
                    -0.29751041531562805,
                    0.8817007541656494,
                    1.9548373699188235
                ],
                [
                    7.450580596923828e-09,
                    0.9475130438804626,
                    0.3197172284126282,
                    0.7088518023490906
                ],
                [
                    0.0,
                    0.0,
                    0.0,
                    1.0
                ]
            ],
            "type": "wrap"
        },
        {
            "file_path": "./train/r_2_0.png",
            "time": 0.0,
            "transform_matrix": [
                [
                    0.4429636299610138,
                    0.31377720832824707,
                    -0.8398374915122986,
                    -1.8620214343070984
                ],
                [
                    -0.8965396881103516,
                    0.1550314873456955,
                    -0.41494810581207275,
                    -0.9199902057647705
                ],
                [
                    0.0,
                    0.936754584312439,
                    0.3499869406223297,
                    0.7759634613990785
                ],
                [
                    0.0,
                    0.0,
                    0.0,
                    1.0
                ]
            ],
            "type": "wrap"
        },
        {
            "file_path": "./train/r_3_0.png",
            "time": 0.0,
            "transform_matrix": [
                [
                    0.7956318259239197,
                    0.5209260582923889,
                    -0.3092023432254791,
                    -0.6855390131473542
                ],
                [
                    -0.6057805418968201,
                    0.6841840147972107,
                    -0.40610620379447937,
                    -0.9003865659236908
                ],
                [
                    -1.4901161193847656e-08,
                    0.5104197859764099,
                    0.859925389289856,
                    1.9065585017204285
                ],
                [
                    0.0,
                    0.0,
                    0.0,
                    1.0
                ]
            ],
            "type": "wrap"
        },
        {
            "file_path": "./train/r_4_0.png",
            "time": 0.0,
            "transform_matrix": [
                [
                    -0.6566542387008667,
                    -0.2367822825908661,
                    0.7160581946372986,
                    1.587587654590607
                ],
                [
                    0.7541918158531189,
                    -0.20615987479686737,
                    0.623452365398407,
                    1.382269334793091
                ],
                [
                    -1.4901162970204496e-08,
                    0.9494377970695496,
                    0.31395500898361206,
                    0.6960762441158296
                ],
                [
                    0.0,
                    0.0,
                    0.0,
                    1.0
                ]
            ],
            "type": "wrap"
        },
        {
            "file_path": "./train/r_5_0.png",
            "time": 0.0,
            "transform_matrix": [
                [
                    -0.12173833698034286,
                    0.6862695217132568,
                    -0.7170870900154114,
                    -1.5898687958717348
                ],
                [
                    -0.9925621747970581,
                    -0.084171362221241,
                    0.08795115351676941,
                    0.19499833881855014
                ],
                [
                    0.0,
                    0.7224606275558472,
                    0.691412091255188,
                    1.5329442501068116
                ],
                [
                    0.0,
                    0.0,
                    0.0,
                    1.0
                ]
            ],
            "type": "wrap"
        },
        {
            "file_path": "./train/r_6_0.png",
            "time": 0.0,
            "transform_matrix": [
                [
                    0.6570732593536377,
                    -0.5113321542739868,
                    0.5538899898529053,
                    1.2280410528182983
                ],
                [
                    0.7538267374038696,
                    0.44570285081863403,
                    -0.48279836773872375,
                    -1.0704223334789278
                ],
                [
                    -1.4901161193847656e-08,
                    0.7347709536552429,
                    0.6783152222633362,
                    1.5039069056510928
                ],
                [
                    0.0,
                    0.0,
                    0.0,
                    1.0
                ]
            ],
            "type": "wrap"
        },
        {
            "file_path": "./train/r_7_0.png",
            "time": 0.0,
            "transform_matrix": [
                [
                    0.9045065641403198,
                    0.42524266242980957,
                    -0.03219788148999214,
                    -0.0713866025209427
                ],
                [
                    -0.426459938287735,
                    0.9019248485565186,
                    -0.0682905837893486,
                    -0.15140849053859712
                ],
                [
                    0.0,
                    0.07550014555454254,
                    0.9971457123756409,
                    2.2107928037643436
                ],
                [
                    0.0,
                    0.0,
                    0.0,
                    1.0
                ]
            ],
            "type": "wrap"
        },
        {
            "file_path": "./train/r_8_0.png",
            "time": 0.0,
            "transform_matrix": [
                [
                    0.159989595413208,
                    0.33046624064445496,
                    -0.930158793926239,
                    -2.06227445602417
                ],
                [
                    -0.9871187806129456,
                    0.053561095148324966,
                    -0.15075767040252686,
                    -0.33424797654151917
                ],
                [
                    0.0,
                    0.9422966837882996,
                    0.33477866649627686,
                    0.7422447681427002
                ],
                [
                    0.0,
                    0.0,
                    0.0,
                    1.0
                ]
            ],
            "type": "wrap"
        },
        {
            "file_path": "./train/r_9_0.png",
            "time": 0.0,
            "transform_matrix": [
                [
                    -0.23337772488594055,
                    0.44256603717803955,
                    -0.8658348917961121,
                    -1.919660770893097
                ],
                [
                    -0.9723862409591675,
                    -0.1062181368470192,
                    0.2078048586845398,
                    0.4607285469770432
                ],
                [
                    7.450581485102248e-09,
                    0.8904228806495667,
                    0.45513397455215454,
                    1.0090870916843415
                ],
                [
                    0.0,
                    0.0,
                    0.0,
                    1.0
                ]
            ],
            "type": "wrap"
        },
        {
            "file_path": "./train/r_10_0.png",
            "time": 0.0,
            "transform_matrix": [
                [
                    0.5218667387962341,
                    0.18684424459934235,
                    -0.8323126435279846,
                    -1.845337736606598
                ],
                [
                    -0.8530270457267761,
                    0.1143079623579979,
                    -0.509194016456604,
                    -1.128944766521454
                ],
                [
                    -7.450580596923828e-09,
                    0.9757166504859924,
                    0.21903668344020844,
                    0.4856307983398438
                ],
                [
                    0.0,
                    0.0,
                    0.0,
                    1.0
                ]
            ],
            "type": "wrap"
        },
        {
            "file_path": "./train/r_11_0.png",
            "time": 0.0,
            "transform_matrix": [
                [
                    -0.9757387638092041,
                    -0.17523755133152008,
                    0.13124708831310272,
                    0.29099067449569704
                ],
                [
                    0.21893838047981262,
                    -0.7809780836105347,
                    0.5849266052246094,
                    1.296852946281433
                ],
                [
                    -7.450581485102248e-09,
                    0.5994703769683838,
                    0.8003968596458435,
                    1.7745765924453736
                ],
                [
                    0.0,
                    0.0,
                    0.0,
                    1.0
                ]
            ],
            "type": "wrap"
        },
        {
            "file_path": "./train/r_12_0.png",
            "time": 0.0,
            "transform_matrix": [
                [
                    -0.9713073372840881,
                    0.20477895438671112,
                    -0.12094451487064362,
                    -0.268148609995842
                ],
                [
                    -0.23782765865325928,
                    -0.8363337516784668,
                    0.4939471483230591,
                    1.0951405763626099
                ],
                [
                    7.450580596923828e-09,
                    0.5085384249687195,
                    0.8610392212867737,
                    1.9090280771255494
                ],
                [
                    0.0,
                    0.0,
                    0.0,
                    1.0
                ]
            ],
            "type": "wrap"
        },
        {
            "file_path": "./train/r_13_0.png",
            "time": 0.0,
            "transform_matrix": [
                [
                    0.842908501625061,
                    -0.09502744674682617,
                    0.5295989513397217,
                    1.174185085296631
                ],
                [
                    0.5380570292472839,
                    0.14886793494224548,
                    -0.8296582698822021,
                    -1.8394528746604921
                ],
                [
                    7.450582373280668e-09,
                    0.9842804074287415,
                    0.17661221325397491,
                    0.3915706664323807
                ],
                [
                    0.0,
                    0.0,
                    0.0,
                    1.0
                ]
            ],
            "type": "wrap"
        },
        {
            "file_path": "./train/r_14_0.png",
            "time": 0.0,
            "transform_matrix": [
                [
                    -0.06348517537117004,
                    0.8717355132102966,
                    -0.48584654927253723,
                    -1.0771803915500642
                ],
                [
                    -0.9979828596115112,
                    -0.05545414239168167,
                    0.030906395986676216,
                    0.06852321028709413
                ],
                [
                    0.0,
                    0.4868285059928894,
                    0.8734976053237915,
                    1.9366496086120608
                ],
                [
                    0.0,
                    0.0,
                    0.0,
                    1.0
                ]
            ],
            "type": "wrap"
        },
        {
            "file_path": "./train/r_15_0.png",
            "time": 0.0,
            "transform_matrix": [
                [
                    -0.6865485906600952,
                    -0.3086281418800354,
                    0.6583309769630432,
                    1.459599316120148
                ],
                [
                    0.7270838618278503,
                    -0.2914219796657562,
                    0.6216287612915039,
                    1.3782260656356813
                ],
                [
                    0.0,
                    0.9054401516914368,
                    0.42447394132614136,
                    0.9411100387573242
                ],
                [
                    0.0,
                    0.0,
                    0.0,
                    1.0
                ]
            ],
            "type": "wrap"
        },
        {
            "file_path": "./train/r_16_0.png",
            "time": 0.0,
            "transform_matrix": [
                [
                    0.1303573101758957,
                    0.5973315834999084,
                    -0.7913291454315186,
                    -1.7544724941253664
                ],
                [
                    -0.9914670586585999,
                    0.07853669673204422,
                    -0.10404333472251892,
                    -0.2306766748428345
                ],
                [
                    7.4505797087454084e-09,
                    0.7981396317481995,
                    0.6024724841117859,
                    1.335754430294037
                ],
                [
                    0.0,
                    0.0,
                    0.0,
                    1.0
                ]
            ],
            "type": "wrap"
        },
        {
            "file_path": "./train/r_17_0.png",
            "time": 0.0,
            "transform_matrix": [
                [
                    0.28662192821502686,
                    -0.25357696413993835,
                    0.9238758683204651,
                    2.0483444929122925
                ],
                [
                    0.95804363489151,
                    0.07586367428302765,
                    -0.27639979124069214,
                    -0.6128117680549622
                ],
                [
                    0.0,
                    0.9643357992172241,
                    0.26468199491500854,
                    0.5868319869041443
                ],
                [
                    0.0,
                    0.0,
                    0.0,
                    1.0
                ]
            ],
            "type": "wrap"
        },
        {
            "file_path": "./train/r_18_0.png",
            "time": 0.0,
            "transform_matrix": [
                [
                    -0.09750017523765564,
                    -0.9662679433822632,
                    0.23836953938007355,
                    0.528494119644165
                ],
                [
                    0.9952355623245239,
                    -0.09466230124235153,
                    0.023352332413196564,
                    0.05177494734525681
                ],
                [
                    -1.862645371275562e-09,
                    0.23951061069965363,
                    0.9708936214447021,
                    2.1525886893272403
                ],
                [
                    0.0,
                    0.0,
                    0.0,
                    1.0
                ]
            ],
            "type": "wrap"
        },
        {
            "file_path": "./train/r_19_0.png",
            "time": 0.0,
            "transform_matrix": [
                [
                    0.5655173063278198,
                    -0.2501452565193176,
                    0.7858863472938538,
                    1.7424052357673647
                ],
                [
                    0.8247364163398743,
                    0.17152325809001923,
                    -0.5388780236244202,
                    -1.1947578430175783
                ],
                [
                    0.0,
                    0.9528940916061401,
                    0.30330324172973633,
                    0.6724600195884705
                ],
                [
                    0.0,
                    0.0,
                    0.0,
                    1.0
                ]
            ],
            "type": "wrap"
        },
        {
            "file_path": "./train/r_20_0.png",
            "time": 0.0,
            "transform_matrix": [
                [
                    0.8422731161117554,
                    -0.25616011023521423,
                    0.47429734468460083,
                    1.0515746593475344
                ],
                [
                    0.5390509963035583,
                    0.40025293827056885,
                    -0.7410947680473328,
                    -1.6430967807769776
                ],
                [
                    1.4901161193847656e-08,
                    0.8798747658729553,
                    0.475205659866333,
                    1.053588491678238
                ],
                [
                    0.0,
                    0.0,
                    0.0,
                    1.0
                ]
            ],
            "type": "wrap"
        },
        {
            "file_path": "./train/r_21_0.png",
            "time": 0.0,
            "transform_matrix": [
                [
                    0.9048085808753967,
                    0.3769117295742035,
                    -0.19813843071460724,
                    -0.43929688632488256
                ],
                [
                    -0.4258183538913727,
                    0.8008883595466614,
                    -0.4210183620452881,
                    -0.9334486901760102
                ],
                [
                    0.0,
                    0.4653121531009674,
                    0.8851466178894043,
                    1.9624772787094118
                ],
                [
                    0.0,
                    0.0,
                    0.0,
                    1.0
                ]
            ],
            "type": "wrap"
        },
        {
            "file_path": "./train/r_22_0.png",
            "time": 0.0,
            "transform_matrix": [
                [
                    -0.4602559208869934,
                    -0.5367125868797302,
                    0.7071803212165833,
                    1.567904353141785
                ],
                [
                    0.887786328792572,
                    -0.2782484292984009,
                    0.3666241765022278,
                    0.8128501951694489
                ],
                [
                    0.0,
                    0.7965658903121948,
                    0.6045514941215515,
                    1.3403639197349548
                ],
                [
                    0.0,
                    0.0,
                    0.0,
                    1.0
                ]
            ],
            "type": "wrap"
        },
        {
            "file_path": "./train/r_23_0.png",
            "time": 0.0,
            "transform_matrix": [
                [
                    -0.4675160050392151,
                    0.5285975337028503,
                    -0.7085289359092712,
                    -1.5708945155143739
                ],
                [
                    -0.8839846849441528,
                    -0.27956119179725647,
                    0.37472212314605713,
                    0.8308043479919435
                ],
                [
                    0.0,
                    0.8015173077583313,
                    0.5979713797569275,
                    1.3257750272750854
                ],
                [
                    0.0,
                    0.0,
                    0.0,
                    1.0
                ]
            ],
            "type": "wrap"
        },
        {
            "file_path": "./train/r_24_0.png",
            "time": 0.0,
            "transform_matrix": [
                [
                    0.7739522457122803,
                    0.35971799492836,
                    -0.5211533904075623,
                    -1.1554600834846498
                ],
                [
                    -0.633243978023529,
                    0.4396481513977051,
                    -0.6369548439979553,
                    -1.412205970287323
                ],
                [
                    0.0,
                    0.8229899406433105,
                    0.5680559277534485,
                    1.2594487071037292
                ],
                [
                    0.0,
                    0.0,
                    0.0,
                    1.0
                ]
            ],
            "type": "wrap"
        },
        {
            "file_path": "./train/r_25_0.png",
            "time": 0.0,
            "transform_matrix": [
                [
                    -0.1613457202911377,
                    -0.3997095823287964,
                    0.9023301005363464,
                    2.000575065612793
                ],
                [
                    0.9868979454040527,
                    -0.06534761935472488,
                    0.14751990139484406,
                    0.3270694822072983
                ],
                [
                    3.725290298461914e-09,
                    0.914309561252594,
                    0.40501612424850464,
                    0.8979697704315186
                ],
                [
                    0.0,
                    0.0,
                    0.0,
                    1.0
                ]
            ],
            "type": "wrap"
        },
        {
            "file_path": "./train/r_26_0.png",
            "time": 0.0,
            "transform_matrix": [
                [
                    -0.9752575159072876,
                    -0.03920060396194458,
                    0.21756872534751892,
                    0.4823762118816376
                ],
                [
                    0.22107206284999847,
                    -0.17293314635753632,
                    0.9598026275634766,
                    2.1279986262321473
                ],
                [
                    3.725290742551124e-09,
                    0.9841530919075012,
                    0.1773204803466797,
                    0.393140983581543
                ],
                [
                    0.0,
                    0.0,
                    0.0,
                    1.0
                ]
            ],
            "type": "wrap"
        },
        {
            "file_path": "./train/r_27_0.png",
            "time": 0.0,
            "transform_matrix": [
                [
                    -0.9902960658073425,
                    0.09176140278577805,
                    -0.10437164455652237,
                    -0.2314045786857605
                ],
                [
                    -0.13897335529327393,
                    -0.6538731455802917,
                    0.7437312006950378,
                    1.6489421725273135
                ],
                [
                    0.0,
                    0.7510190606117249,
                    0.6602804064750671,
                    1.463921630382538
                ],
                [
                    0.0,
                    0.0,
                    0.0,
                    1.0
                ]
            ],
            "type": "wrap"
        },
        {
            "file_path": "./train/r_28_0.png",
            "time": 0.0,
            "transform_matrix": [
                [
                    0.7852338552474976,
                    -0.33010709285736084,
                    0.5238673686981201,
                    1.161477255821228
                ],
                [
                    0.619199275970459,
                    0.4186233878135681,
                    -0.6643393039703369,
                    -1.472920572757721
                ],
                [
                    -1.4901161193847656e-08,
                    0.8460399508476257,
                    0.5331193804740906,
                    1.1819900870323181
                ],
                [
                    0.0,
                    0.0,
                    0.0,
                    1.0
                ]
            ],
            "type": "wrap"
        },
        {
            "file_path": "./train/r_29_0.png",
            "time": 0.0,
            "transform_matrix": [
                [
                    0.8931812047958374,
                    0.20586314797401428,
                    -0.3998093008995056,
                    -0.886425656080246
                ],
                [
                    -0.44969668984413147,
                    0.4088824987411499,
                    -0.7940956354141235,
                    -1.760606110095978
                ],
                [
                    0.0,
                    0.889064371585846,
                    0.45778220891952515,
                    1.0149585783481598
                ],
                [
                    0.0,
                    0.0,
                    0.0,
                    1.0
                ]
            ],
            "type": "wrap"
        },
        {
            "file_path": "./train/r_30_0.png",
            "time": 0.0,
            "transform_matrix": [
                [
                    -0.28673890233039856,
                    -0.8562213182449341,
                    0.42972761392593384,
                    0.952758139371872
                ],
                [
                    0.9580087661743164,
                    -0.25627318024635315,
                    0.12862055003643036,
                    0.28516734540462496
                ],
                [
                    0.0,
                    0.44856342673301697,
                    0.8937509655952454,
                    1.9815541028976442
                ],
                [
                    0.0,
                    0.0,
                    0.0,
                    1.0
                ]
            ],
            "type": "wrap"
        },
        {
            "file_path": "./train/r_31_0.png",
            "time": 0.0,
            "transform_matrix": [
                [
                    -0.15501070022583008,
                    0.9340341687202454,
                    -0.32179465889930725,
                    -0.7134576857089997
                ],
                [
                    -0.9879127740859985,
                    -0.1465567648410797,
                    0.050491925328969955,
                    0.11194670349359513
                ],
                [
                    0.0,
                    0.3257317543029785,
                    0.945462167263031,
                    2.096204006671906
                ],
                [
                    0.0,
                    0.0,
                    0.0,
                    1.0
                ]
            ],
            "type": "wrap"
        },
        {
            "file_path": "./train/r_32_0.png",
            "time": 0.0,
            "transform_matrix": [
                [
                    6.262858369154856e-05,
                    0.21157889068126678,
                    -0.9773608446121216,
                    -2.166927254199982
                ],
                [
                    -1.0,
                    1.3250886695459485e-05,
                    -6.121072510723025e-05,
                    -0.0001357115965220146
                ],
                [
                    0.0,
                    0.9773607850074768,
                    0.21157889068126678,
                    0.4690960317850113
                ],
                [
                    0.0,
                    0.0,
                    0.0,
                    1.0
                ]
            ],
            "type": "wrap"
        },
        {
            "file_path": "./train/r_33_0.png",
            "time": 0.0,
            "transform_matrix": [
                [
                    0.7431973218917847,
                    -0.5280798077583313,
                    0.41083991527557373,
                    0.9108818352222443
                ],
                [
                    0.6690723896026611,
                    0.5865845680236816,
                    -0.4563559293746948,
                    -1.011796373128891
                ],
                [
                    0.0,
                    0.6140441298484802,
                    0.7892715930938721,
                    1.7499107360839845
                ],
                [
                    0.0,
                    0.0,
                    0.0,
                    1.0
                ]
            ],
            "type": "wrap"
        },
        {
            "file_path": "./train/r_34_0.png",
            "time": 0.0,
            "transform_matrix": [
                [
                    -0.7566120028495789,
                    0.34157976508140564,
                    -0.5575495362281799,
                    -1.2361547350883484
                ],
                [
                    -0.6538640856742859,
                    -0.39525550603866577,
                    0.6451627016067505,
                    1.4304036974906922
                ],
                [
                    0.0,
                    0.8526995182037354,
                    0.5224018096923828,
                    1.1582279801368713
                ],
                [
                    0.0,
                    0.0,
                    0.0,
                    1.0
                ]
            ],
            "type": "wrap"
        },
        {
            "file_path": "./train/r_35_0.png",
            "time": 0.0,
            "transform_matrix": [
                [
                    -0.3977896273136139,
                    0.3703862130641937,
                    -0.8393910527229309,
                    -1.8610315322875979
                ],
                [
                    -0.9174765944480896,
                    -0.1605880707502365,
                    0.36393412947654724,
                    0.8068860650062561
                ],
                [
                    0.0,
                    0.9148910045623779,
                    0.40370094776153564,
                    0.8950538933277131
                ],
                [
                    0.0,
                    0.0,
                    0.0,
                    1.0
                ]
            ],
            "type": "wrap"
        },
        {
            "file_path": "./train/r_36_0.png",
            "time": 0.0,
            "transform_matrix": [
                [
                    0.7656702995300293,
                    -0.4731244146823883,
                    0.4357779026031494,
                    0.9661723017692567
                ],
                [
                    0.6432332396507263,
                    0.5631818175315857,
                    -0.5187265872955322,
                    -1.1500795483589172
                ],
                [
                    2.9802320611338473e-08,
                    0.6774803400039673,
                    0.7355409264564514,
                    1.6307831287384034
                ],
                [
                    0.0,
                    0.0,
                    0.0,
                    1.0
                ]
            ],
            "type": "wrap"
        },
        {
            "file_path": "./train/r_37_0.png",
            "time": 0.0,
            "transform_matrix": [
                [
                    -0.46346595883369446,
                    -0.8589088916778564,
                    0.21788737177848816,
                    0.4830826759338379
                ],
                [
                    0.886114776134491,
                    -0.4492363929748535,
                    0.11396195739507675,
                    0.2526674583554268
                ],
                [
                    0.0,
                    0.24589067697525024,
                    0.969297468662262,
                    2.1490498781204224
                ],
                [
                    0.0,
                    0.0,
                    0.0,
                    1.0
                ]
            ],
            "type": "wrap"
        },
        {
            "file_path": "./train/r_38_0.png",
            "time": 0.0,
            "transform_matrix": [
                [
                    -0.8262399435043335,
                    0.21388964354991913,
                    -0.5211319923400879,
                    -1.1554127454757692
                ],
                [
                    -0.5633181929588318,
                    -0.3137199878692627,
                    0.7643639445304871,
                    1.6946874737739563
                ],
                [
                    1.4901159417490817e-08,
                    0.9251114130020142,
                    0.3796958923339844,
                    0.8418317437171937
                ],
                [
                    0.0,
                    0.0,
                    0.0,
                    1.0
                ]
            ],
            "type": "wrap"
        },
        {
            "file_path": "./train/r_39_0.png",
            "time": 0.0,
            "transform_matrix": [
                [
                    -0.9966232776641846,
                    0.07444921880960464,
                    -0.034631188958883286,
                    -0.07678153738379478
                ],
                [
                    -0.0821097195148468,
                    -0.9036424160003662,
                    0.4203430414199829,
                    0.9319513797760011
                ],
                [
                    0.0,
                    0.4217672646045685,
                    0.9067041277885437,
                    2.0102726697921756
                ],
                [
                    0.0,
                    0.0,
                    0.0,
                    1.0
                ]
            ],
            "type": "wrap"
        },
        {
            "file_path": "./train/r_40_0.png",
            "time": 0.0,
            "transform_matrix": [
                [
                    -0.4379815459251404,
                    0.34720176458358765,
                    -0.8292304277420044,
                    -1.8385041475296022
                ],
                [
                    -0.8989839553833008,
                    -0.16915537416934967,
                    0.40399786829948425,
                    0.8957121014595032
                ],
                [
                    -1.4901161193847656e-08,
                    0.922408401966095,
                    0.3862157464027405,
                    0.8562870144844056
                ],
                [
                    0.0,
                    0.0,
                    0.0,
                    1.0
                ]
            ],
            "type": "wrap"
        },
        {
            "file_path": "./train/r_41_0.png",
            "time": 0.0,
            "transform_matrix": [
                [
                    -0.994414210319519,
                    0.02083449251949787,
                    -0.10347140580415726,
                    -0.22940862923860553
                ],
                [
                    -0.10554812848567963,
                    -0.19629065692424774,
                    0.9748484492301941,
                    2.1613569736480716
                ],
                [
                    3.7252898543727042e-09,
                    0.9803244471549988,
                    0.1973932385444641,
                    0.43764471113681797
                ],
                [
                    0.0,
                    0.0,
                    0.0,
                    1.0
                ]
            ],
            "type": "wrap"
        },
        {
            "file_path": "./train/r_42_0.png",
            "time": 0.0,
            "transform_matrix": [
                [
                    -0.9928660988807678,
                    -0.019224023446440697,
                    0.11767476797103882,
                    0.2608992069959641
                ],
                [
                    0.11923471093177795,
                    -0.160078227519989,
                    0.9798764586448669,
                    2.1725047469139103
                ],
                [
                    0.0,
                    0.9869171380996704,
                    0.16122838854789734,
                    0.357462877035141
                ],
                [
                    0.0,
                    0.0,
                    0.0,
                    1.0
                ]
            ],
            "type": "wrap"
        },
        {
            "file_path": "./train/r_43_0.png",
            "time": 0.0,
            "transform_matrix": [
                [
                    0.6021551489830017,
                    -0.635220468044281,
                    0.48363634943962097,
                    1.0722803175449371
                ],
                [
                    0.7983791828155518,
                    0.47909730672836304,
                    -0.36476919054985046,
                    -0.8087374925613404
                ],
                [
                    -1.4901162970204496e-08,
                    0.6057727932929993,
                    0.7956376075744629,
                    1.7640249371528627
                ],
                [
                    0.0,
                    0.0,
                    0.0,
                    1.0
                ]
            ],
            "type": "wrap"
        },
        {
            "file_path": "./train/r_44_0.png",
            "time": 0.0,
            "transform_matrix": [
                [
                    0.49585968255996704,
                    0.7388697266578674,
                    -0.45628345012664795,
                    -1.011635607481003
                ],
                [
                    -0.8684027194976807,
                    0.4218961298465729,
                    -0.260538786649704,
                    -0.5776459872722626
                ],
